x
0.00939993094652891
0.0267580673098564
0.0309826068114489
0.0311767817474902
0.0415673877578229
0.0477642866317183
0.060970269376412
0.0635944758541882
0.0640443738084286
0.092824176652357
0.121178295696154
0.130190846975893
0.13136421632953
0.133728686021641
0.138803687877953
0.14806588855572
0.178447640500963
0.209794879658148
0.226203695172444
0.237673773895949
0.247051100246608
0.252436749171466
0.258552030893043
0.268809032160789
0.281756834825501
0.290681054349989
0.302076018648222
0.315538316266611
0.331410457147285
0.333428886253387
0.352127390215173
0.367362265707925
0.374362639151514
0.397185408743098
0.397507854504511
0.415589661803097
0.423696691635996
0.432502795476466
0.446699476800859
0.448753461707383
0.45562248583883
0.463546789716929
0.463908321456984
0.466512129409239
0.480537770548835
0.481172647094354
0.486415391787887
0.499003588221967
0.514637785963714
0.528668231796473
0.542404339881614
0.546384448884055
0.554060345282778
0.567746037850156
0.568220909452066
0.568715546280146
0.583419158821926
0.586127794813365
0.618446302600205
0.620547264115885
0.635098575614393
0.644047609996051
0.654650126118213
0.665348328184336
0.669024856528267
0.676722997799516
0.716537056257948
0.735636846395209
0.740695747314021
0.743492886191234
0.753395477076992
0.755369025282562
0.757141473935917
0.768342513823882
0.788501511560753
0.794552844017744
0.824734547873959
0.829439783701673
0.839612377807498
0.845515317283571
0.860466139158234
0.861826047068462
0.871367753017694
0.879023394314572
0.887911302037537
0.8932210362982
0.900298350024968
0.914744216483086
0.930369777837768
0.934100311249495
0.94986227247864
0.961980927502736
0.966465857345611
0.96858362480998
0.969713506288826
0.97845796495676
0.981136871268973
0.981294559082016
0.984902332304046
0.996792427729815
