x
0.0260551690522663
0.736343974330109
-1.19896020221981
-0.405443281972385
0.730756878441397
-0.161509139808939
-1.12187274365288
0.023724165180257
-0.151444756187523
0.130571910515711
-0.0819088010834368
0.266628823322401
-0.622269465830153
0.116281234318215
0.111228296260074
-0.0638191965512217
1.51523110496507
-0.50032760327408
-1.62273633208737
0.939471257632227
-0.691624261529416
-0.705574199468306
-1.24691465896271
0.395765711434385
-0.269248208863155
1.1673652347803
0.565984540733362
-0.740379405853478
0.598274406871825
-1.7689173039494
-0.537371309816947
-1.37423904685752
-1.60971212497351
-0.906185312857149
0.841453115656331
-2.53404918738229
1.70548219104777
-0.295184556109379
-1.56540948665646
0.125391205564364
-0.753439827123434
1.01109135592637
0.318889358147101
-0.0648621556554776
0.780717135571022
0.945168595386617
-1.22218765971765
-0.632294804056921
1.65961330553571
0.449470600375555
1.29949075518511
-1.13115155404547
-0.946050955194391
1.4561503690791
0.705994401544219
1.3389119439965
1.7056480834701
-0.313081213783652
2.00965796673238
1.08041745689679
0.751249705557143
1.51130920166424
0.524661310880138
-0.965277506795811
0.0453659574535647
0.680427574809281
1.53611583313862
0.258769143247821
0.472873205456465
0.909529619164397
1.08279353265649
-2.33985833560655
1.05507371678945
0.229027595428374
-1.11695790128507
1.46370595948811
-0.621124305595014
0.708608621350985
-1.30060040219068
0.668877299151354
0.780136019395142
0.637845004611788
1.0019224035291
1.33282010968331
0.196707286929879
-0.838755918936885
0.271202016492959
0.354253452329691
-1.3769682828778
-0.595388776041296
-0.835476606891522
1.14190209940496
-0.371062149308402
-2.04653754547833
1.15008199483172
-0.32104206516072
1.13667086911243
0.334135996405572
1.21055351730859
-0.424638911202866
